>> a = 0:0.1:2

a =

  Columns 1 through 18

         0    0.1000    0.2000    0.3000    0.4000    0.5000    0.6000    0.7000    0.8000    0.9000    1.0000    1.1000    1.2000    1.3000    1.4000    1.5000    1.6000    1.7000

  Columns 19 through 21

    1.8000    1.9000    2.0000

>> b = ones(length(a), 1)

b =

     1
     1
     1
     1
     1
     1
     1
     1
     1
     1
     1
     1
     1
     1
     1
     1
     1
     1
     1
     1
     1

>> a*b

ans =

    21

>> b*a

ans =

  Columns 1 through 18

         0    0.1000    0.2000    0.3000    0.4000    0.5000    0.6000    0.7000    0.8000    0.9000    1.0000    1.1000    1.2000    1.3000    1.4000    1.5000    1.6000    1.7000
         0    0.1000    0.2000    0.3000    0.4000    0.5000    0.6000    0.7000    0.8000    0.9000    1.0000    1.1000    1.2000    1.3000    1.4000    1.5000    1.6000    1.7000
         0    0.1000    0.2000    0.3000    0.4000    0.5000    0.6000    0.7000    0.8000    0.9000    1.0000    1.1000    1.2000    1.3000    1.4000    1.5000    1.6000    1.7000
         0    0.1000    0.2000    0.3000    0.4000    0.5000    0.6000    0.7000    0.8000    0.9000    1.0000    1.1000    1.2000    1.3000    1.4000    1.5000    1.6000    1.7000
         0    0.1000    0.2000    0.3000    0.4000    0.5000    0.6000    0.7000    0.8000    0.9000    1.0000    1.1000    1.2000    1.3000    1.4000    1.5000    1.6000    1.7000
         0    0.1000    0.2000    0.3000    0.4000    0.5000    0.6000    0.7000    0.8000    0.9000    1.0000    1.1000    1.2000    1.3000    1.4000    1.5000    1.6000    1.7000
         0    0.1000    0.2000    0.3000    0.4000    0.5000    0.6000    0.7000    0.8000    0.9000    1.0000    1.1000    1.2000    1.3000    1.4000    1.5000    1.6000    1.7000
         0    0.1000    0.2000    0.3000    0.4000    0.5000    0.6000    0.7000    0.8000    0.9000    1.0000    1.1000    1.2000    1.3000    1.4000    1.5000    1.6000    1.7000
         0    0.1000    0.2000    0.3000    0.4000    0.5000    0.6000    0.7000    0.8000    0.9000    1.0000    1.1000    1.2000    1.3000    1.4000    1.5000    1.6000    1.7000
         0    0.1000    0.2000    0.3000    0.4000    0.5000    0.6000    0.7000    0.8000    0.9000    1.0000    1.1000    1.2000    1.3000    1.4000    1.5000    1.6000    1.7000
         0    0.1000    0.2000    0.3000    0.4000    0.5000    0.6000    0.7000    0.8000    0.9000    1.0000    1.1000    1.2000    1.3000    1.4000    1.5000    1.6000    1.7000
         0    0.1000    0.2000    0.3000    0.4000    0.5000    0.6000    0.7000    0.8000    0.9000    1.0000    1.1000    1.2000    1.3000    1.4000    1.5000    1.6000    1.7000
         0    0.1000    0.2000    0.3000    0.4000    0.5000    0.6000    0.7000    0.8000    0.9000    1.0000    1.1000    1.2000    1.3000    1.4000    1.5000    1.6000    1.7000
         0    0.1000    0.2000    0.3000    0.4000    0.5000    0.6000    0.7000    0.8000    0.9000    1.0000    1.1000    1.2000    1.3000    1.4000    1.5000    1.6000    1.7000
         0    0.1000    0.2000    0.3000    0.4000    0.5000    0.6000    0.7000    0.8000    0.9000    1.0000    1.1000    1.2000    1.3000    1.4000    1.5000    1.6000    1.7000
         0    0.1000    0.2000    0.3000    0.4000    0.5000    0.6000    0.7000    0.8000    0.9000    1.0000    1.1000    1.2000    1.3000    1.4000    1.5000    1.6000    1.7000
         0    0.1000    0.2000    0.3000    0.4000    0.5000    0.6000    0.7000    0.8000    0.9000    1.0000    1.1000    1.2000    1.3000    1.4000    1.5000    1.6000    1.7000
         0    0.1000    0.2000    0.3000    0.4000    0.5000    0.6000    0.7000    0.8000    0.9000    1.0000    1.1000    1.2000    1.3000    1.4000    1.5000    1.6000    1.7000
         0    0.1000    0.2000    0.3000    0.4000    0.5000    0.6000    0.7000    0.8000    0.9000    1.0000    1.1000    1.2000    1.3000    1.4000    1.5000    1.6000    1.7000
         0    0.1000    0.2000    0.3000    0.4000    0.5000    0.6000    0.7000    0.8000    0.9000    1.0000    1.1000    1.2000    1.3000    1.4000    1.5000    1.6000    1.7000
         0    0.1000    0.2000    0.3000    0.4000    0.5000    0.6000    0.7000    0.8000    0.9000    1.0000    1.1000    1.2000    1.3000    1.4000    1.5000    1.6000    1.7000

  Columns 19 through 21

    1.8000    1.9000    2.0000
    1.8000    1.9000    2.0000
    1.8000    1.9000    2.0000
    1.8000    1.9000    2.0000
    1.8000    1.9000    2.0000
    1.8000    1.9000    2.0000
    1.8000    1.9000    2.0000
    1.8000    1.9000    2.0000
    1.8000    1.9000    2.0000
    1.8000    1.9000    2.0000
    1.8000    1.9000    2.0000
    1.8000    1.9000    2.0000
    1.8000    1.9000    2.0000
    1.8000    1.9000    2.0000
    1.8000    1.9000    2.0000
    1.8000    1.9000    2.0000
    1.8000    1.9000    2.0000
    1.8000    1.9000    2.0000
    1.8000    1.9000    2.0000
    1.8000    1.9000    2.0000
    1.8000    1.9000    2.0000

>> a.*b

ans =

